2.573694197423581861
.122817512572500000
.092401912808616000
1.047620528000000000
.000010241700000000
.578434076501858975
.020615124865489778
1.416532962285636960
.236321070952204383
.226976149656246493
.174564829317728005
.026285189400000000
1.010039544447465443
.094714365000000000
.070567030668698510
.734874692306967907
.050000000000000000
1.496352939323163632
.000997345000000000
13.726556617780583365
.146231855750000000
1.525583021729868854
.462788952680717933
.100000000000000000
.425995470806864336
.049407705000000000
.021703587550368825
.357866591643982522
.318509174937163732
1.815488212274223800
.014033671525184951
.020000000000000000
.026158801260792284
.000021000000000000
.074277520706153111
5.902086113108063964
.001308792000000000
32.021925753752884100
.000845747999999999
.043093653342101782
.000605199999999999
.009894999999999999
1.112778614335161129
.000978900000000000
.246684453759143321
.455332989716272683
.766266676849297725
.009936999999999999
.002953910264573999
.001961646000000000
.196451042443030865
.009979000000000000
.027369928622906325
.007207566999999999
.000255740765209398
.000994999999999999
.030727000000000000
49.300583836473146584
.006222115745528473
.006848848952590958
7.189396200524838555
.093741094438667070

62 out of 176 with ETH Balance
